[HEADER]
Format	J&M ASCII Table
Comment	HAL03_noFilter_UVIR600um2_UV400um0.5_COA_x4.0_iris1.0_23mm_WR1
Date	08/10/2024 14:39:36
Order	Y (evenX)
TechType	UV
NumPoints	841
FirstX	304
LastX	1144
XType	nm
YType	Transmission
[LOGIN]
Name=JM
[INSTRUMENT]
Name=TIDAS S
Detector=MMS - ASPEN 97,5 kHz
Diodearray=256 Pixel
Serial#=39059
Calibrated=2016-03-14
Range=303.56-1144.49 [nm] (F0)

SWVersion=v3.22.6 (build 0)
[CONFIG]
ChannelName=Channel 1
ChannelType=Normalized
[PARAMETER]
It=120.00
Aver=20
Norm=1
Range=304.0-1144.0 nm
Scan=Single
[TRIGGER]
Sweep=0
Scan=0
[DIO]
DigOut=0x0000
DigIn=0x0000
[DATA]
304	27.270046
305	26.363314
306	25.456579
307	24.670881
308	24.628971
309	24.587063
310	24.545153
311	24.946869
312	25.43194
313	25.917009
314	25.464411
315	24.221682
316	22.978951
317	22.175613
318	22.74441
319	23.313208
320	23.882004
321	22.919847
322	21.86235
323	20.804855
324	21.084156
325	22.118052
326	23.151945
327	23.916807
328	24.15015
329	24.383493
330	24.613161
331	24.731344
332	24.849527
333	24.967709
334	24.804062
335	24.534496
336	24.264929
337	24.196295
338	24.404221
339	24.612144
340	24.800369
341	24.835215
342	24.87006
343	24.904907
344	25.303143
345	25.788877
346	26.274614
347	26.326494
348	25.939512
349	25.55253
350	25.267946
351	25.427256
352	25.586565
353	25.745874
354	25.894705
355	26.042063
356	26.189421
357	26.462542
358	26.832344
359	27.202147
360	27.481337
361	27.493055
362	27.504776
363	27.516497
364	27.526453
365	27.536297
366	27.546141
367	27.63768
368	27.778053
369	27.918425
370	28.069235
371	28.243162
372	28.417089
373	28.591017
374	27.944744
375	27.294676
376	26.644608
377	26.467743
378	26.514635
379	26.561525
380	26.527918
381	26.352268
382	26.176619
383	26.010744
384	26.058794
385	26.106844
386	26.154896
387	26.202196
388	26.249212
389	26.29623
390	26.361904
391	26.454945
392	26.547985
393	26.647758
394	26.819902
395	26.992046
396	27.16419
397	27.371416
398	27.58947
399	27.807524
400	28.025581
401	28.243647
402	28.46171
403	28.68257
404	28.923918
405	29.165264
406	29.406612
407	29.650572
408	29.895199
409	30.139824
410	30.389189
411	30.643826
412	30.898464
413	31.157883
414	31.444649
415	31.731415
416	32.018181
417	32.310192
418	32.603329
419	32.896465
420	33.183781
421	33.465221
422	33.746666
423	34.028797
424	34.314259
425	34.59972
426	34.885181
427	35.182922
428	35.482918
429	35.782917
430	36.080154
431	36.374821
432	36.669483
433	36.961971
434	37.245129
435	37.528286
436	37.811443
437	38.090778
438	38.369495
439	38.648212
440	38.919106
441	39.183094
442	39.447079
443	39.711765
444	39.979229
445	40.246696
446	40.514164
447	40.774712
448	41.034233
449	41.293751
450	41.546368
451	41.793091
452	42.039818
453	42.282124
454	42.507633
455	42.733143
456	42.958656
457	43.173119
458	43.386024
459	43.598934
460	43.802765
461	43.998993
462	44.195217
463	44.388607
464	44.571392
465	44.754181
466	44.936966
467	45.099361
468	45.258915
469	45.418468
470	45.569939
471	45.714626
472	45.859314
473	46.000103
474	46.126186
475	46.25227
476	46.378353
477	46.492187
478	46.604263
479	46.716343
480	46.81609
481	46.905323
482	46.994553
483	47.081345
484	47.158615
485	47.235886
486	47.313156
487	47.363239
488	47.409203
489	47.455166
490	47.495628
491	47.531246
492	47.566864
493	47.59803
494	47.610863
495	47.623692
496	47.636524
497	47.639221
498	47.640251
499	47.641281
500	47.63232
501	47.614178
502	47.596035
503	47.575096
504	47.541702
505	47.508308
506	47.474915
507	47.429043
508	47.38089
509	47.332733
510	47.273632
511	47.20388
512	47.134132
513	47.060947
514	46.970787
515	46.88063
516	46.790474
517	46.687378
518	46.581623
519	46.475868
520	46.360252
521	46.23439
522	46.108524
523	45.97958
524	45.833279
525	45.686981
526	45.540684
527	45.375027
528	45.204868
529	45.034706
530	44.855755
531	44.666943
532	44.478134
533	44.287434
534	44.084251
535	43.881069
536	43.677887
537	43.472378
538	43.266254
539	43.060131
540	42.858021
541	42.660809
542	42.463596
543	42.268246
544	42.088001
545	41.907761
546	41.727516
547	41.565975
548	41.410053
549	41.254135
550	41.10429
551	40.962578
552	40.820866
553	40.679203
554	40.538105
555	40.397007
556	40.255913
557	40.10762
558	39.956867
559	39.806118
560	39.648369
561	39.480297
562	39.312229
563	39.142799
564	38.952984
565	38.763165
566	38.573349
567	38.368744
568	38.158417
569	37.948086
570	37.731903
571	37.506138
572	37.280373
573	37.054348
574	36.821659
575	36.588966
576	36.356274
577	36.131023
578	35.909035
579	35.687046
580	35.474819
581	35.280441
582	35.086067
583	34.892303
584	34.750542
585	34.608784
586	34.467022
587	34.374809
588	34.30703
589	34.239254
590	34.204178
591	34.236168
592	34.268162
593	34.300156
594	34.440456
595	34.582321
596	34.724186
597	34.931469
598	35.174934
599	35.418404
600	35.685513
601	36.007271
602	36.329033
603	36.650791
604	37.015327
605	37.381638
606	37.747952
607	38.121525
608	38.49958
609	38.877636
610	39.249081
611	39.603214
612	39.957352
613	40.311489
614	40.619331
615	40.923946
616	41.228561
617	41.498829
618	41.745544
619	41.992264
620	42.223778
621	42.410118
622	42.596458
623	42.782795
624	42.912075
625	43.035736
626	43.159401
627	43.248329
628	43.310966
629	43.373604
630	43.425117
631	43.438972
632	43.452827
633	43.466686
634	43.45327
635	43.436382
636	43.419491
637	43.401028
638	43.381252
639	43.361477
640	43.348045
641	43.359119
642	43.37019
643	43.381264
644	43.448742
645	43.525002
646	43.601265
647	43.729759
648	43.905514
649	44.081268
650	44.276283
651	44.556107
652	44.83593
653	45.115749
654	45.479435
655	45.858471
656	46.237507
657	46.654789
658	47.109463
659	47.564137
660	48.027794
661	48.536461
662	49.045128
663	49.553799
664	50.086193
665	50.623539
666	51.160889
667	51.70158
668	52.245773
669	52.78997
670	53.333027
671	53.869659
672	54.406292
673	54.942924
674	55.464367
675	55.982288
676	56.50021
677	57.007439
678	57.502804
679	57.998165
680	58.489948
681	58.95908
682	59.428207
683	59.897339
684	60.336926
685	60.769093
686	61.20126
687	61.611423
688	61.996006
689	62.380592
690	62.759666
691	63.100525
692	63.44138
693	63.782238
694	64.084885
695	64.377365
696	64.669846
697	64.946228
698	65.203262
699	65.460289
700	65.712997
701	65.933617
702	66.154243
703	66.374863
704	66.564186
705	66.744873
706	66.92556
707	67.092445
708	67.242409
709	67.39238
710	67.539696
711	67.666649
712	67.793602
713	67.920555
714	68.036087
715	68.148422
716	68.260757
717	68.369545
718	68.473961
719	68.578384
720	68.681679
721	68.77636
722	68.871033
723	68.965706
724	69.051796
725	69.135513
726	69.219231
727	69.300781
728	69.379707
729	69.458641
730	69.536545
731	69.607018
732	69.677483
733	69.747955
734	69.81176
735	69.873795
736	69.935829
737	69.993706
738	70.0467
739	70.099701
740	70.151909
741	70.19886
742	70.245811
743	70.292763
744	70.333328
745	70.372299
746	70.41127
747	70.447182
748	70.479683
749	70.512184
750	70.545639
751	70.58474
752	70.623848
753	70.662949
754	70.705048
755	70.747818
756	70.790588
757	70.829185
758	70.863457
759	70.897728
760	70.930229
761	70.953751
762	70.977272
763	71.000793
764	71.021957
765	71.042679
766	71.0634
767	71.083557
768	71.103172
769	71.12278
770	71.143044
771	71.166054
772	71.189064
773	71.212074
774	71.228172
775	71.24321
776	71.25824
777	71.270866
778	71.281471
779	71.292084
780	71.302017
781	71.309601
782	71.317192
783	71.324776
784	71.331261
785	71.337616
786	71.343979
787	71.352852
788	71.363548
789	71.374245
790	71.383659
791	71.389427
792	71.395187
793	71.400948
794	71.41098
795	71.421288
796	71.431587
797	71.43486
798	71.433868
799	71.432877
800	71.434853
801	71.443611
802	71.452362
803	71.461121
804	71.464684
805	71.468185
806	71.471687
807	71.472298
808	71.471497
809	71.470688
810	71.472008
811	71.477173
812	71.482338
813	71.487556
814	71.493904
815	71.500244
816	71.506592
817	71.51078
818	71.514153
819	71.517532
820	71.521797
821	71.527306
822	71.532806
823	71.538025
824	71.540764
825	71.543503
826	71.546242
827	71.545212
828	71.543198
829	71.541183
830	71.539711
831	71.538818
832	71.537926
833	71.538124
834	71.543518
835	71.548904
836	71.554291
837	71.553772
838	71.55233
839	71.55088
840	71.544357
841	71.533806
842	71.523254
843	71.512726
844	71.502289
845	71.491844
846	71.481407
847	71.480217
848	71.479561
849	71.478905
850	71.492928
851	71.515198
852	71.537468
853	71.552406
854	71.552917
855	71.553421
856	71.553909
857	71.553902
858	71.553894
859	71.553886
860	71.550018
861	71.544731
862	71.539444
863	71.534706
864	71.530693
865	71.52668
866	71.522888
867	71.520523
868	71.518166
869	71.5158
870	71.500916
871	71.483528
872	71.466148
873	71.454109
874	71.446709
875	71.439308
876	71.433502
877	71.432762
878	71.43203
879	71.43129
880	71.438934
881	71.447083
882	71.455231
883	71.453041
884	71.445267
885	71.437492
886	71.43013
887	71.423515
888	71.416901
889	71.410721
890	71.410904
891	71.411095
892	71.411285
893	71.408974
894	71.405922
895	71.402863
896	71.389343
897	71.364586
898	71.339828
899	71.318695
900	71.312691
901	71.306686
902	71.300682
903	71.2957
904	71.290825
905	71.28595
906	71.283829
907	71.283409
908	71.282997
909	71.283218
910	71.284744
911	71.286263
912	71.288307
913	71.300468
914	71.312637
915	71.324806
916	71.341324
917	71.359177
918	71.377029
919	71.390579
920	71.399544
921	71.408508
922	71.410576
923	71.38575
924	71.360931
925	71.336113
926	71.336281
927	71.338493
928	71.340698
929	71.330002
930	71.312256
931	71.29451
932	71.281464
933	71.276428
934	71.271393
935	71.266487
936	71.262802
937	71.259117
938	71.255432
939	71.257484
940	71.260803
941	71.264114
942	71.259796
943	71.249161
944	71.238518
945	71.228203
946	71.218719
947	71.209244
948	71.199738
949	71.185898
950	71.172058
951	71.158211
952	71.137344
953	71.11396
954	71.090576
955	71.079231
956	71.081535
957	71.083847
958	71.084351
959	71.077774
960	71.071198
961	71.064621
962	71.048103
963	71.03093
964	71.013748
965	70.986252
966	70.953773
967	70.921288
968	70.896255
969	70.881859
970	70.867462
971	70.860008
972	70.891548
973	70.923088
974	70.95462
975	70.979355
976	71.003265
977	71.027168
978	71.034714
979	71.032822
980	71.03093
981	71.027718
982	71.022362
983	71.016998
984	71.01001
985	70.991402
986	70.972794
987	70.954193
988	70.941559
989	70.929832
990	70.918098
991	70.897057
992	70.870232
993	70.843414
994	70.812859
995	70.775879
996	70.738892
997	70.703842
998	70.683266
999	70.662697
1000	70.64212
1001	70.621643
1002	70.601181
1003	70.580711
1004	70.546928
1005	70.505142
1006	70.463348
1007	70.423714
1008	70.387581
1009	70.351456
1010	70.314438
1011	70.271873
1012	70.229309
1013	70.186745
1014	70.155144
1015	70.124817
1016	70.094482
1017	70.081444
1018	70.077454
1019	70.073456
1020	70.04924
1021	69.99691
1022	69.94458
1023	69.911804
1024	69.966934
1025	70.022072
1026	70.077202
1027	70.100395
1028	70.121811
1029	70.143227
1030	70.139359
1031	70.125351
1032	70.111343
1033	70.087875
1034	70.054245
1035	70.020622
1036	70.002426
1037	70.029938
1038	70.057457
1039	70.081413
1040	69.962669
1041	69.843925
1042	69.725182
1043	69.661102
1044	69.610878
1045	69.560661
1046	69.523903
1047	69.497192
1048	69.47049
1049	69.398651
1050	69.242905
1051	69.087166
1052	68.932381
1053	68.784103
1054	68.635826
1055	68.487549
1056	68.344505
1057	68.201988
1058	68.059471
1059	67.982224
1060	67.934204
1061	67.886185
1062	67.7957
1063	67.658203
1064	67.520699
1065	67.393982
1066	67.297974
1067	67.201965
1068	67.1026
1069	66.935661
1070	66.768723
1071	66.601784
1072	66.542816
1073	66.504944
1074	66.467072
1075	66.381859
1076	66.268539
1077	66.155212
1078	66.022224
1079	65.862129
1080	65.702026
1081	65.54155
1082	65.379669
1083	65.217796
1084	65.05529
1085	64.837997
1086	64.620712
1087	64.403427
1088	64.298187
1089	64.219307
1090	64.140434
1091	64.02523
1092	63.88678
1093	63.748333
1094	63.520149
1095	63.16383
1096	62.80751
1097	62.506706
1098	62.407749
1099	62.308796
1100	62.197285
1101	61.51712
1102	60.83696
1103	60.156799
1104	59.303616
1105	58.414833
1106	57.526051
1107	56.664509
1108	55.818356
1109	54.972198
1110	53.972172
1111	52.784592
1112	51.597012
1113	50.407131
1114	49.210838
1115	48.014545
1116	46.835682
1117	45.857719
1118	44.879753
1119	43.901791
1120	43.266994
1121	42.671463
1122	42.075928
1123	41.590134
1124	41.147697
1125	40.705261
1126	40.336578
1127	40.031151
1128	39.725723
1129	39.453598
1130	39.240181
1131	39.02676
1132	38.817863
1133	38.628563
1134	38.439259
1135	38.250175
1136	38.07571
1137	37.901245
1138	37.72678
1139	37.554237
1140	37.382046
1141	37.209854
1142	37.045265
1143	36.884315
1144	36.723366
[LOG]
CHECKSUM
